00000000010000000000000010000011
00000000000000000110000100010011
01000000000000001000000110110011
01000000000000011000000110110011
01000000001000011000000110110011
01000000001000011000000110110011
00000000000100011000010001100011
00000000000000011110000110010011
00000000001100000000000000100011
00000000000100011111000110110011
00000000000000011110000110010011
00000000001100000000000000100011
00000000000000000000000000010011
00000000000000000000000000010011
00000000000000000000000000010011
00000000000000000000000000010011
00000000000000000000000000010011
00000000000000000000000000010011
00000000000000000000000000010011
00000000000000000000000000010011
00000000000000000000000000010011
00000000000000000000000000010011
00000000000000000000000000010011
00000000000000000000000000010011
00000000000000000000000000010011
00000000000000000000000000010011
00000000000000000000000000010011
00000000000000000000000000010011
00000000000000000000000000010011
00000000000000000000000000010011
00000000000000000000000000010011
00000000000000000000000000010011
